8.133730638637285348e-05
4.180857345407703370e-05
3.299790996410876642e-05
2.704792399670734711e-05
1.652522945863053779e-05
8.393407630813395483e-06
6.296570454405820857e-06
5.292145056499756721e-06
3.346869128847085799e-06
1.696864058219905918e-06
1.202460637240864582e-06
1.031512425501620811e-06
6.755158282875724073e-07
3.448919400172583059e-07
2.301394941174538623e-07
2.003145553820673973e-07
1.358473441227649477e-07
7.035544556621597851e-08
4.421117971715502843e-08
3.876360994084002636e-08
2.721629691132695206e-08
1.438081252687224398e-08
8.538574145632997867e-09
7.476622981299906696e-09
5.431685522269810676e-09
2.941182771399887904e-09
1.660289918397948971e-09
1.437750937072341639e-09
1.079815167633556923e-09
6.011795005646779802e-10
